487.33
157.47
489.98
163.24
492.7
154.42
491.88
188.68
175.39
320.97
153.91
140.13
236.53
409.28
242.62
477.98
473.13
344.93
469.01
397.36
353.62
123.14
172.37
233.16
476.41
188.05
183.32
251.24
164.23
462.62
325.98
335.81
332.39
167.78
249.4
255.33
351.23
129.03
400.64
347.02
126.84
184.93
257.4
351.5
112.09
126.62
482.76
169.43
356.74
318.46
460.05
378.04
177.06
464.89
375.07
359.18
472.4
327.51
120.1
474.27
116.2
252.0
264.17
167.56
474.63
360.44
325.69
408.56
484.19
481.49
317.28
346.02
120.8
488.56
253.84
393.71
153.62
346.75
339.31
236.97
258.33
247.03
247.09
157.38
349.93
477.17
165.27
269.75
167.58
310.35
181.51
315.1
391.35
164.02
338.09
354.8
321.31
195.73
364.31
341.9
1027.31
1320.8
1078.59
1382.0
1221.33
836.12
1265.6
1326.0
1039.57
1289.2
910.79
1269.2
1330.22
1316.4
1369.09
1145.2
926.36
904.61
1286.07
922.42
1369.6
1314.4
1008.66
1200.36
934.91
1308.0
979.31
1035.6
822.65
895.73
1296.8
1166.39
1104.73
943.5
1304.4
941.13
1098.94
1287.08
1275.2
1007.08
918.89
1184.85
1160.59
868.82
1110.54
1283.76
1282.8
1265.2
974.0
1298.0
955.79
1356.0
1210.91
1267.6
1110.0
1039.08
1223.29
1257.97
962.86
902.9
1331.61
745.37
1157.59
1117.15
1310.4
1277.03
958.4
983.45
1380.4
615.71
911.98
1021.72
1077.95
1122.0
1135.2
1284.6
1295.6
1017.5
910.24
933.82
1284.8
1269.2
1061.7
1383.2
1130.65
1041.54
956.68
976.91
1005.51
1266.4
1308.4
1216.3
1054.88
790.8
729.01
1166.21
1090.06
848.99
862.94
1113.57
1939.6
1607.6
2307.55
1631.72
1543.2
2475.6
1907.72
1539.06
1483.86
2321.05
1677.6
1735.14
1790.0
1783.72
2002.8
2005.6
1718.4
1647.87
1752.99
2033.91
1670.05
2153.36
2446.0
2161.6
2255.93
1452.0
1816.46
1744.4
1567.83
1888.8
1061.35
1883.2
1722.83
1766.8
1494.34
2032.4
1840.97
1817.6
1931.2
1683.2
1812.63
1548.8
1337.96
1795.6
1890.0
2267.6
1879.6
2286.4
1671.6
2390.92
1711.73
1897.64
2172.4
1610.8
2271.6
1670.35
1518.8
1405.91
2128.97
1862.32
1506.8
1906.4
2337.6
1965.21
1754.8
1990.8
2344.86
1536.31
2198.4
2178.4
2047.6
2178.8
1755.2
1383.54
1380.37
1502.93
2328.0
1728.07
1824.8
1526.32
1909.6
1452.61
2021.56
2018.4
1754.4
2176.28
1893.6
1502.95
2050.8
1494.87
2008.95
1744.4
1915.6
2327.2
1827.33
1455.6
1537.87
2370.0
1904.4
2044.8
1455.03
1120.95
991.2
957.75
984.4
907.44
789.16
1114.4
1133.2
1673.2
907.77
1051.6
1089.09
952.23
988.6
1209.66
1129.44
639.37
947.87
829.42
1418.59
919.93
851.97
1196.0
1226.4
911.25
1267.07
1412.0
860.17
1031.05
557.99
659.58
728.69
1672.04
1157.16
891.06
814.1
616.95
1086.23
1160.76
686.01
914.29
1141.62
1439.97
1251.28
1000.06
1232.84
615.44
827.37
1194.68
1599.6
1100.2
733.52
1191.05
697.86
770.76
1082.4
1203.2
657.7
733.84
799.37
939.38
1553.2
1167.6
586.94
1352.8
1356.53
813.37
747.92
926.2
1379.76
917.25
1211.6
1108.4
1197.86
1214.37
1066.0
677.69
828.85
1523.99
863.42
1114.83
981.2
583.06
1212.89
851.63
1666.72
472.22
904.82
1265.7
741.01
1096.69
740.51
1019.6
1588.4
1243.88
1236.8
942.91
1250.22
1444.4
1542.14
661.89
1386.34
1609.45
882.39
754.6
1476.24
1217.7
832.75
1573.14
744.65
1021.7
1333.74
1134.94
1202.14
877.25
1897.8
576.89
1565.89
532.94
1137.8
747.3
1088.95
1324.49
1005.29
1042.8
1650.84
993.95
587.54
1831.3
619.29
825.5
1370.49
1075.2
884.1
2018.84
963.25
941.85
1234.74
964.75
1216.89
1440.59
674.85
636.55
834.0
1695.09
549.1
1041.95
1851.3
724.14
383.47
401.21
465.86
658.85
991.26
708.53
934.38
892.05
528.24
649.17
977.04
952.28
822.24
780.7
1195.76
571.47
1012.08
973.41
1019.35
425.06
796.89
856.0
1052.76
898.75
807.88
1041.89
953.58
1149.51
1058.59
511.54
688.48
766.15
404.09
450.49
977.1
756.79
1194.6
890.4
778.04
1208.78
543.61
549.36
547.3
900.47
518.32
430.2
941.62
817.37
1002.06
921.86
903.9
873.31
685.03
365.43
916.13
362.47
1036.19
656.34
870.37
603.04
824.09
751.16
686.17
510.54
397.29
839.64
832.35
1143.37
840.3
539.89
1067.41
971.14
1112.89
511.15
606.99
511.19
654.23
677.64
1064.37
474.47
697.42
953.53
698.41
723.95
419.92
681.08
1201.33
445.39
1051.08
648.94
716.25
896.42
787.34
309.06
535.27
500.74
1069.13
1096.91
508.44
1015.87
1240.51
1155.4
1250.98
1585.56
1118.61
720.76
1122.02
1085.3
1350.23
1204.9
1213.76
1128.65
1389.26
1024.03
1205.85
1197.04
895.29
815.73
1376.14
1575.35
840.97
853.75
1067.84
1631.0
1298.68
1199.4
1434.2
1117.67
1447.41
867.37
1072.31
1156.42
830.8
873.4
1277.41
1226.69
1571.71
1328.05
1053.17
1533.46
1451.91
1394.62
1385.66
1495.17
1229.31
1251.16
1138.67
1517.47
962.64
1082.3
1466.81
999.43
1592.71
1110.51
798.11
1204.28
1052.19
834.99
931.89
1225.82
1163.64
1387.85
1079.13
1550.86
1191.48
1136.83
1041.14
1112.33
1376.71
928.64
1613.62
685.8
1089.37
733.54
1322.49
1133.37
1585.26
978.76
1633.22
1000.18
973.63
978.68
1151.15
1260.73
1359.01
1017.79
1341.52
1114.88
1114.35
1374.78
720.31
1256.77
988.96
1413.55
1439.9
1079.85
915.8
1516.47
1129.71
996.08
1716.8
1674.4
1901.6
1861.6
1596.8
1949.6
1883.6
1752.0
1731.2
1697.6
1846.0
1745.6
1712.8
1738.4
1885.2
1901.6
2012.4
1882.8
1754.8
1806.4
1752.0
1713.2
1676.0
1672.4
1895.6
1638.4
1651.2
1849.6
1490.8
1733.2
1862.0
2030.8
1737.2
1739.6
1728.8
2030.8
1522.8
1922.8
1960.0
1499.6
1720.4
1927.6
1725.2
1713.6
1715.2
1932.4
1620.0
2029.2
1966.8
1869.6
1549.2
1802.4
1631.6
1658.4
1947.6
1776.4
1681.2
1801.6
1631.2
1640.8
1630.0
1632.0
1592.0
1770.0
1680.8
1818.0
1746.8
1578.0
1965.2
1530.0
1973.2
1661.2
1646.0
1730.4
1878.4
1867.2
1612.8
1716.0
1897.2
1614.4
1884.0
1621.2
2002.0
1946.8
1752.8
1724.8
1832.4
1609.6
1612.0
1746.0
1542.8
1710.0
1941.2
1721.6
1890.0
2010.4
1857.6
1727.2
1543.2
1775.2
840.4
670.8
1555.01
2251.6
1161.2
853.88
1500.43
1572.97
727.69
2095.84
2521.6
1157.2
2313.6
2084.5
1135.6
2691.6
1867.2
1606.8
2319.6
2372.26
985.2
2625.6
1925.2
2118.4
2137.61
1608.0
1289.2
1212.32
2190.8
1656.54
2033.6
1259.2
2399.24
646.5
1377.2
2358.8
1116.86
2114.8
1868.5
552.42
1925.2
1930.5
1721.47
778.54
851.2
1897.2
2565.2
808.89
1852.5
986.0
1478.8
1411.6
2098.78
2504.0
1655.2
1670.01
1599.76
1646.0
961.5
2618.0
1647.55
1628.94
545.87
214.87
1335.55
865.5
1764.25
2169.6
843.2
1274.88
1955.78
876.8
1137.2
602.46
1312.5
1226.4
1652.89
1410.8
657.99
1749.5
2041.83
1678.34
1132.0
1616.8
540.74
2038.5
1349.6
2053.0
1079.07
2066.4
2069.2
891.54
2058.3
1000.0
1150.8
1341.2
1897.6
810.4
834.4
1234.1
2050.11
1581.6
1781.6
2108.0
1740.0
1762.8
1670.8
1538.8
850.0
1912.4
2149.06
1015.2
1655.05
1110.4
1085.6
1904.38
2179.57
967.2
1741.71
1386.0
1046.93
2148.08
1521.6
1497.06
837.0
2162.4
1707.49
1465.6
1179.6
2140.0
532.77
1303.49
882.4
611.0
668.36
1112.0
1040.75
685.2
1734.0
811.2
721.36
1013.6
878.22
2133.6
1421.55
2060.8
2422.0
1173.04
889.19
2034.8
1500.8
1863.6
2477.03
2161.6
1662.88
886.01
1443.2
676.73
1389.65
2094.4
2181.2
1360.33
572.37
963.2
1744.5
1774.66
1350.17
1312.8
1790.37
2500.4
2496.32
2663.2
1270.41
2592.97
968.0
1006.4
2017.6
2767.6
1594.0
1959.6
1513.77
2325.6
2270.0
1715.5
1752.8
1034.0
623.0
834.5
873.74
2133.26
2552.8
2417.53
1263.8
1272.4
1238.45
1604.0
1953.2
1717.6
962.8
1799.2
1172.4
987.6
2276.8
1574.4
1108.27
1806.0
932.8
1229.2
1428.0
2555.2
1102.4
2282.57
1541.6
1078.0
2035.6
2670.8
2154.4
2174.0
1248.8
1569.7
1060.35
2763.6
1717.6
1923.2
991.6
1522.4
995.24
671.71
1063.6
2349.94
731.0
1680.32
2007.72
1757.2
2489.2
1240.0
2398.72
2690.4
2600.4
2017.2
1175.2
1418.0
2180.8
1299.2
2586.4
2110.67
1013.2
1617.2
2108.0
1717.2
734.1
945.87
2444.4
1734.0
1987.2
2787.6
1418.4
2170.4
1646.5
2198.4
2078.56
2051.6
1079.37
1711.2
1344.0
1414.0
1131.6
1110.4
1739.27
2213.6
1305.6
1538.47
1255.6
2155.2
1226.27
2001.55
1902.4
1959.2
2148.0
1274.4
926.48
1349.63
785.72
1041.2
909.6
1140.88
1502.8
1219.33
1707.13
1482.0
1328.0
1006.69
2163.6
1613.51
1153.47
1639.2
918.97
2160.7
1367.46
1693.2
1289.94
2264.78
868.88
2712.0
1026.0
1982.39
2444.47
1683.2
1519.99
2223.6
2019.2
1843.95
1673.97
1599.6
1632.4
1031.2
1913.2
2096.0
1948.8
1276.0
1112.8
2108.0
785.86
1846.88
888.4
1236.8
1449.71
1216.4
2104.8
1120.57
1435.2
2189.53
1718.0
1824.5
1588.24
571.45
1449.11
2641.2
1915.2
914.23
2190.0
1277.2
1462.37
1711.33
1432.4
980.0
479.58
1741.1
2329.6
2239.2
1511.8
1142.57
2222.8
1282.62
2466.57
2046.8
1912.0
1450.8
1354.06
2132.4
2354.69
2105.2
1642.8
2422.5
1140.8
1402.0
2283.2
1083.51
1998.8
1954.35
1190.0
1860.18
2456.0
803.08
1630.0
1172.4
1721.2
1796.8
1414.8
1494.0
1154.8
1960.8
1822.4
1462.11
854.75
825.2
1229.93
1120.4
1922.4
2358.4
1223.2
1549.77
2037.76
1217.08
1688.4
1249.73
1753.6
2074.0
2016.0
846.5
1688.8
1840.8
306.88
2737.2
880.0
1692.4
1868.4
1596.4
2253.6
1026.27
907.32
1804.37
984.32
2090.4
1477.2
2286.4
641.53
1065.2
1352.8
1862.0
1720.5
1081.6
1986.82
1753.6
1832.03
1888.8
2020.8
1179.6
2284.8
2076.0
1077.31
1798.8
843.2
1662.4
2513.95
2063.2
1073.58
1135.2
1990.24
1637.09
1964.5
1572.32
1766.8
1998.4
1878.8
2560.8
2098.0
1446.4
2049.05
1735.78
1480.8
1706.41
1196.4
1404.13
754.69
661.5
1981.56
1204.71
2198.0
1435.2
2012.8
623.88
2468.0
1415.0
1640.8
1955.5
455.8
1555.31
2106.4
629.96
1662.86
1189.6
1184.0
1973.2
920.4
2263.6
856.8
1469.2
1272.04
1258.8
1212.4
1767.14
1177.6
2041.34
1989.2
682.57
1662.65
994.92
1024.8
1348.8
661.5
1907.68
814.9
1152.21
1545.8
1578.0
2178.8
2470.8
1740.0
1053.2
2324.8
1755.6
1523.74
766.4
976.73
1533.4
1209.6
1642.04
1558.8
2519.41
1214.8
987.46
2024.8
1918.75
1310.8
1540.0
2298.0
1414.63
1604.0
1074.26
1422.8
831.2
1217.36
2047.2
962.8
1845.2
2126.4
1533.59
1526.84
1526.4
997.23
1650.8
861.2
1311.98
2149.5
1167.6
2166.8
669.6
679.81
1830.77
1177.6
2351.6
1498.0
2081.6
1022.4
2137.89
1604.8
1500.4
1010.4
1390.0
2190.8
878.0
1763.2
1018.4
1895.2
2508.4
2472.4
2526.49
822.0
891.6
1733.98
1406.0
1272.0
1654.57
2154.0
1721.37
930.72
1608.0
1759.2
1176.0
1891.54
1409.41
1184.0
1889.36
1160.17
905.6
920.5
1624.0
812.8
766.5
1292.8
1706.4
1927.57
2091.97
1048.59
1295.5
1861.6
872.84
1418.0
730.5
631.02
1178.0
941.63
972.0
1073.39
1875.6
1906.49
1979.27
1138.0
1443.2
1670.38
1402.8
682.8
1264.8
2760.8
2052.8
1678.4
1821.39
631.2
1986.0
1437.45
1431.2
1014.0
1875.2
1761.2
1208.0
1279.5
1127.2
1322.16
2058.8
2233.6
2084.4
1240.47
1917.19
2112.05
1739.0
1063.6
767.69
1671.6
1103.6
2091.2
915.2
1728.59
2053.0
1578.8
890.0
2265.6
1507.0
1531.6
1133.67
1004.0
2533.6
2009.76
2291.63
2070.4
1414.0
1223.2
2180.4
1208.4
1179.2
1548.8
1202.8
1997.2
2189.6
1481.84
815.43
2272.16
1179.0
2022.44
548.73
972.8
1379.53
1063.71
2175.2
957.11
1224.4
1404.8
1748.4
1590.4
2336.8
2094.97
1813.59
1742.0
2539.2
1225.6
1862.0
1738.8
1834.35
674.25
1805.6
1222.8
1095.7
1406.0
1930.8
1318.8
741.5
1882.0
1135.6
1417.2
2024.8
1027.2
2170.4
1178.0
2301.2
1072.96
1802.4
1469.2
2678.8
1070.0
1652.14
2462.0
2035.2
1209.0
931.46
1208.4
1948.0
1145.2
1892.8
1037.2
502.76
1634.4
1365.51
968.5
1461.67
2648.4
813.2
945.6
1867.0
1818.42
731.34
1931.24
1277.6
991.2
1548.8
1567.9
911.31
1470.0
1351.23
1286.0
1083.2
2375.2
1520.87
785.6
1076.3
1259.6
1987.6
1801.6
992.8
1091.6
750.85
2500.3
1719.76
781.13
843.6
2581.45
1722.8
1775.2
1528.76
1932.0
1289.67
1715.5
2184.0
735.6
2613.6
1903.61
2152.0
908.74
809.83
1202.8
1771.85
2361.2
1325.17
2488.8
1520.8
1152.8
1812.8
692.0
1469.82
2408.8
2128.0
1006.39
732.8
1067.65
929.71
1217.44
998.0
2056.71
1224.0
1676.4
894.62
988.91
644.53
2267.01
1320.55
1557.2
1667.31
2677.6
1699.6
258.54
1134.0
854.5
1089.91
1836.68
1387.5
1484.68
2124.0
2152.0
2389.09
1023.29
475.45
1518.5
1905.29
1671.64
1594.0
666.5
1418.8
516.5
712.3
1488.8
1947.6
806.49
713.45
981.78
1399.0
1659.6
944.8
2115.2
430.32
836.8
1216.01
1607.2
1921.6
2020.4
1818.8
1288.0
2236.8
998.8
2468.0
780.0
1774.0
1670.95
1647.81
2379.86
1301.65
1390.8
1580.8
1268.8
1492.4
2254.8
1940.0
1145.2
1731.95
1050.8
1235.7
1644.96
1404.0
1240.0
1594.4
2089.76
2751.6
1636.4
2228.8
611.16
1759.09
1296.43
2734.8
1405.6
1160.64
1107.2
939.26
2272.4
2008.4
2179.6
1333.6
2327.77
1653.46
2773.6
1695.6
724.25
1186.96
1379.39
873.6
1410.0
1184.0
1469.2
1925.2
1782.0
2296.8
1084.8
766.5
1147.6
2020.4
919.07
1887.92
1226.4
1619.62
602.59
1073.97
1374.0
1163.31
1797.2
1728.07
1582.0
1902.8
659.72
1526.8
1006.8
1866.54
1263.75
944.0
1475.6
1134.8
2364.8
2640.4
2148.4
1492.09
988.5
1918.33
1400.0
1172.5
1422.4
1402.4
685.76
1547.6
2163.6
2519.22
1666.0
833.2
921.2
1275.17
889.2
1996.0
1000.55
416.1
1098.56
777.03
1986.28
1589.26
1470.49
774.96
1467.19
1769.0
1187.2
1065.82
1972.01
1637.09
1334.14
2111.2
2180.0
1447.58
1660.4
569.74
1142.4
1643.21
964.12
1275.4
1082.0
725.0
2193.2
1079.6
1269.2
967.36
2734.0
758.0
2332.0
1759.98
1028.4
1669.63
1995.2
804.73
1399.0
564.13
1020.4
1478.4
2452.0
656.95
1740.0
704.75
1752.47
1573.94
1517.29
1975.6
884.0
1136.0
1748.4
1311.47
1142.42
1273.48
2265.6
2068.0
1855.47
1754.0
2646.0
1823.2
1173.57
1247.2
1294.4
1127.08
1488.0
1745.81
1578.0
2316.46
1863.54
1833.5
2379.47
1703.65
2058.0
2053.0
1820.0
1164.8
816.0
1308.8
2293.6
668.5
1876.4
1297.22
1585.61
2065.0
2078.0
2178.8
1831.22
1772.66
1890.05
1680.49
1655.6
1853.82
2683.2
764.81
880.4
1376.33
2164.7
1605.49
1494.0
2675.2
1298.0
745.5
820.8
1541.2
1697.2
608.2
1714.4
1080.97
931.96
1998.0
1641.63
1078.0
597.79
1682.8
1207.6
2489.2
2624.8
1786.68
1605.2
1164.4
2633.6
1343.6
1162.5
1191.06
1345.14
1283.6
849.89
1902.4
2044.36
888.8
2750.8
1788.4
1869.6
1539.2
1280.25
2110.4
1446.0
2276.4
844.51
1630.08
1017.38
1793.4
1574.8
1982.4
1466.8
2327.2
1786.8
1184.4
1438.8
1437.6
1219.6
2552.3
1595.48
1310.0
822.98
1969.6
1896.4
1395.6
711.89
1461.5
1495.46
821.6
851.0
1046.05
521.07
1006.8
1081.6
1448.0
666.8
688.22
602.5
1805.6
591.25
787.23
1807.2
1457.6
2282.84
2068.5
1292.4
1464.8
1450.8
1299.2
1498.8
956.0
2020.0
1704.0
1300.21
821.12
1672.83
1795.14
1142.8
816.61
1209.6
2287.2
1523.2
982.8
1532.78
1539.57
2000.8
2632.0
1170.0
1466.16
2268.4
848.4
1241.2
1220.4
1405.2
1114.1
961.37
1681.2
1779.91
1740.0
1038.4
1409.6
1594.4
1518.0
2498.4
2087.0
2542.11
1393.6
966.0
2210.4
987.6
1413.6
1954.99
1023.6
1203.2
1108.4
1706.05
701.55
1343.6
1766.4
766.5
732.4
1801.77
1482.8
1880.59
643.18
696.06
1545.2
1490.4
2345.94
1175.5
2650.4
2027.6
2586.61
1599.95
1358.0
1566.05
960.5
1647.14
1571.2
661.39
1577.68
740.0
1944.0
2156.4
893.6
1754.0
1097.49
1114.8
2006.0
622.16
1357.6
804.4
2269.49
2360.63
1334.0
819.36
1005.6
2155.8
246.78
858.4
1851.93
1534.8
871.32
1958.68
1591.6
768.88
928.45
1670.26
1964.0
1352.8
1751.2
2182.0
822.8
2273.99
2220.28
1620.4
1837.2
1218.8
1279.6
2756.01
1055.57
2005.6
1132.8
2260.05
1151.2
913.97
2008.15
2059.61
1282.5
928.27
1005.2
2320.8
1408.8
1486.05
1338.8
1640.56
1670.4
1896.4
2228.0
634.86
317.75
940.67
1666.8
2038.8
1775.2
1760.4
1371.6
2383.2
2089.2
2014.8
675.73
2627.22
1729.6
1241.2
1725.2
2276.4
1191.5
2374.4
1108.0
1552.2
1379.2
1044.41
1668.8
1209.2
1480.0
1368.53
2163.47
376.6
2326.8
1009.6
916.0
770.12
949.33
2152.8
1772.8
2038.0
1599.87
2224.4
1089.2
1064.46
2269.6
2139.09
1360.25
683.51
944.8
1647.2
1851.2
1522.5
615.35
1782.69
667.6
892.89
1983.6
1840.23
1607.19
898.4
1440.0
2257.89
2395.78
1263.29
1066.5
2366.0
1354.4
577.76
2181.6
2331.89
2054.8
1894.4
957.24
1240.02
837.76
1906.4
2058.8
1203.74
1679.95
2077.0
618.9
1113.29
954.53
2206.96
1178.4
2069.6
1024.88
1876.45
1784.86
1872.4
2153.6
725.26
2318.8
1146.4
1272.5
1137.93
2187.2
1228.4
2285.2
2049.2
836.55
1411.6
1377.17
2184.8
2019.85
1461.6
1342.8
1210.17
667.2
1509.2
1331.22
1268.4
1506.8
2265.68
1131.6
1865.69
1232.8
1908.75
922.0
2080.06
2452.0
1846.78
2120.0
1745.5
2051.6
992.8
1677.37
1071.2
2520.0
2030.4
1357.44
1332.0
1195.6
1726.0
1803.6
1598.21
1982.8
962.0
1224.0
1427.6
2149.6
890.04
1590.8
1018.29
2185.2
2125.2
646.27
1730.5
2303.6
2051.6
1191.0
1399.5
838.24
1122.96
1904.8
1807.51
1446.4
1233.34
955.82
1211.6
1712.8
1063.0
2099.6
1511.82
335.75
1445.04
1458.8
2623.49
1608.4
1863.2
2090.4
891.6
1654.4
1952.8
1427.2
1073.2
1434.4
1117.6
1586.8
1705.0
1870.78
1974.0
1683.73
881.05
646.08
1606.8
873.0
1271.6
893.84
958.04
1010.8
1392.0
1785.59
908.0
2196.8
1010.89
2551.6
1102.56
875.51
1891.6
1302.62
1658.8
2537.2
1588.97
2160.8
2725.01
2244.0
1177.96
543.95
1309.73
1584.8
2025.6
684.32
2206.8
2340.0
1390.28
1830.4
975.31
708.25
1357.2
1228.16
225.93
992.8
1593.2
2421.36
1816.0
2525.6
1354.8
2150.76
1367.2
982.0
1660.12
1352.4
890.4
1120.8
1267.2
2151.6
2085.01
1939.6
1031.03
2331.26
1663.6
1263.2
1489.0
974.0
2375.2
1211.21
2012.4
2666.4
794.03
2214.4
195.99
2166.8
988.0
1980.0
1966.0
780.8
2145.2
2185.6
1448.0
1286.0
686.12
1116.8
2350.36
1446.8
1301.0
2174.8
1088.19
2417.2
1944.0
1569.93
333.22
2212.0
504.9
290.38
2191.61
1391.48
2134.8
1519.2
1095.6
2307.6
1360.0
1428.5
1518.4
1633.62
1493.98
2046.5
831.6
1928.8
1152.8
1328.8
1930.0
1414.0
2386.57
1041.31
1062.0
1338.32
2155.2
863.16
691.25
1094.18
1861.37
843.6
1022.64
1908.0
1528.0
2296.0
992.04
2132.4
1085.83
2341.2
2302.8
1290.4
1090.35
1519.6
1244.14
2725.36
1713.31
932.06
1844.8
1061.31
1382.46
676.76
1018.15
647.69
1719.6
2275.2
2152.8
2062.18
1435.23
661.75
1821.57
2059.5
1463.41
561.91
1471.2
1418.4
703.33
1045.2
890.44
1093.38
1207.41
2164.49
1364.39
560.84
844.4
2522.8
1113.2
2217.2
2310.8
849.5
1298.0
2319.6
820.0
1457.41
1530.86
1686.8
1693.6
1672.0
1105.63
2515.22
2018.4
1638.8
861.9
2463.6
1870.8
1664.7
2072.0
1404.02
1657.92
2152.4
1931.59
1080.05
1141.6
1734.0
1163.6
723.38
1150.4
955.86
1072.8
285.36
1341.6
2172.4
2361.53
1551.28
1730.53
1504.8
1675.2
1681.2
1267.06
978.0
886.96
1657.6
2096.4
1586.63
1501.2
766.5
1974.0
2555.61
1738.8
977.32
1490.19
1476.8
2506.8
1153.2
1184.01
1331.6
1010.0
1310.41
2464.0
1530.4
1788.0
1545.2
1560.68
2655.68
1221.2
1853.0
1656.53
1557.2
1213.42
1662.09
1277.0
1794.4
1160.0
1502.0
1614.0
1576.26
1287.76
989.14
1730.4
1859.2
1691.6
905.6
1829.78
829.2
1278.5
2144.82
746.0
2206.4
879.25
1472.4
631.66
2028.22
995.2
605.5
432.86
1972.4
1532.4
749.96
1353.21
2494.0
1700.0
1348.73
2415.6
1501.6
1594.0
1678.8
1090.8
2186.0
1567.05
737.36
2556.8
1418.4
1732.0
2027.6
2804.4
1470.8
2020.8
1772.0
945.2
1493.39
1623.42
1367.79
1489.6
996.0
2729.2
1507.2
1312.4
1895.2
1394.8
1351.09
2370.8
1682.45
947.6
964.4
1489.6
1980.4
810.97
1858.68
1004.0
2795.6
1729.6
1288.17
1894.8
1893.2
1905.2
1861.22
1493.79
1398.16
1936.0
448.89
2608.4
2508.8
2520.0
1442.0
2144.17
1204.0
1063.2
2353.6
343.93
1430.0
1443.53
744.4
2482.8
2327.89
1311.97
1310.4
1411.6
1953.5
1154.8
1618.0
2082.45
1558.8
1224.45
2092.66
1150.93
1265.03
744.55
955.37
719.38
1951.6
808.33
1151.6
1065.28
1257.2
1790.8
2245.6
1508.0
2394.8
1078.0
910.4
1804.0
2262.0
652.8
564.51
1517.93
1733.44
1784.8
1624.8
1726.8
727.57
605.67
2125.6
915.6
1570.0
1490.68
2525.6
1837.65
1411.2
1415.82
1793.04
1164.76
2284.47
2519.6
1296.02
1869.2
1176.8
1422.86
2039.6
1310.0
2620.0
1426.0
1570.4
1071.0
2617.2
984.24
1026.41
1494.0
1170.17
1655.6
1444.98
1644.45
1898.32
1906.8
1717.6
1705.97
1796.12
1048.0
1312.4
707.8
1859.5
1551.6
2508.0
2455.2
607.93
605.07
1814.8
2448.8
847.5
2388.4
1052.74
1416.39
1010.0
839.15
2190.4
942.8
608.0
2135.2
2039.6
1102.0
1508.6
720.4
1101.6
1597.2
2437.6
1474.4
1354.0
1421.6
1666.64
2195.6
2012.0
2060.47
2332.0
417.8
1420.8
1692.66
2057.2
542.32
814.14
1974.0
2235.6
2210.98
1481.12
1238.8
2479.2
1973.6
1557.43
1975.2
1602.0
1079.48
2412.66
1298.0
1806.8
1892.08
846.8
973.44
2016.4
2721.14
1757.71
2296.8
2751.2
2495.2
1805.6
1645.2
859.97
992.41
1113.2
983.83
1090.0
1680.4
1855.2
1090.86
2403.5
1464.0
1768.4
2023.6
1268.8
1546.4
566.75
712.0
659.24
1067.5
1359.4
1725.6
1841.2
2077.6
1463.6
2083.38
1681.23
561.01
970.01
1852.4
1286.4
1348.8
783.88
871.18
1060.8
856.4
1262.4
1613.94
840.49
1648.0
1509.84
2542.33
984.65
952.0
727.25
709.12
2378.84
1961.32
2036.0
1310.5
1799.6
1505.6
1586.0
2484.4
1245.0
2166.0
1180.0
1762.0
1010.1
1304.0
1456.4
353.26
2329.6
2194.4
1609.21
1039.2
1611.63
1434.8
680.0
2016.26
1108.8
1505.0
770.79
1510.8
2304.41
1832.4
834.44
1861.52
2258.0
644.75
1991.2
1886.4
1116.09
1248.4
2441.6
2091.09
972.38
1591.6
1352.09
820.8
996.0
2229.6
1436.13
888.8
2692.0
1628.4
1103.25
1869.6
2473.2
866.8
1062.0
1771.29
918.57
821.13
2141.28
1148.8
474.68
1875.2
422.01
1155.2
749.6
1421.6
1961.2
2236.0
1062.8
1173.2
543.37
1377.51
1511.43
2361.2
1361.49
1252.4
2184.8
1671.2
1391.6
1725.6
1728.05
1594.8
375.74
2795.2
1550.4
963.16
845.51
706.85
2362.0
1612.5
1111.2
2315.6
1847.6
1623.35
1758.8
1509.2
1189.92
2025.2
1297.2
1789.2
2338.73
1461.6
2679.6
1096.4
1500.4
1281.45
1612.29
1390.8
2120.0
1054.4
1173.14
1959.6
1092.5
1588.64
1426.4
1510.8
1099.6
697.2
1295.2
850.8
2710.8
774.4
1478.8
1998.8
1704.66
2521.6
884.0
1091.0
1421.2
1656.8
1034.4
1000.92
1298.42
1302.8
1151.2
2254.0
1218.0
812.8
990.48
754.0
1567.32
2647.6
1158.4
819.6
2415.6
1050.0
1940.0
2770.0
2321.2
1738.4
1235.6
1499.6
740.4
551.53
1736.4
2349.6
1532.8
1542.4
2802.8
1417.6
2310.4
1593.89
1659.1
903.2
1406.8
1744.0
1363.2
717.6
1857.0
2172.12
1567.64
2372.8
999.6
2529.2
2794.8
843.6
1263.36
1392.0
1618.4
2366.0
1898.0
1037.74
2639.2
1581.2
2221.2
1082.4
1382.4
2517.6
447.29
810.87
986.0
1001.33
2119.28
1823.69
1864.8
878.0
1509.76
2000.62
729.0
1957.0
1821.6
1449.89
694.8
1919.2
1415.6
1213.6
1550.11
2534.0
1476.0
1032.0
852.8
1208.8
1459.2
2236.34
1831.52
504.06
912.68
1198.4
1218.84
1051.6
2367.02
1708.0
2172.4
2364.4
1752.0
1219.2
1368.4
1040.8
2172.4
2221.52
1412.4
2404.4
2653.6
2089.99
1739.6
1192.0
1737.6
1636.0
1803.16
1138.4
2592.4
1905.6
2103.28
1309.57
1909.2
2693.6
1175.6
2026.4
1861.2
2479.6
1243.74
1958.0
657.58
820.4
1769.2
1072.15
1291.2
1888.0
1858.8
2173.6
1925.2
1835.88
939.88
1800.69
2656.8
1754.0
1469.6
2077.5
1404.73
1622.37
2185.51
1641.61
1201.6
2030.72
1128.8
2379.2
2248.0
2452.8
1094.0
983.23
2286.0
1499.41
1634.8
1134.0
1669.2
876.0
1511.61
752.0
1312.0
1281.5
1753.6
1057.37
1855.6
1826.8
1727.15
2680.4
2507.57
475.62
955.6
722.8
1056.8
2190.4
1157.2
1792.8
2240.8
653.6
834.0
2353.2
1934.0
1734.37
1925.2
688.35
888.0
1287.69
1338.8
1612.4
1417.6
1397.6
1268.4
1309.6
1764.8
992.43
1506.0
1583.6
2406.4
2182.4
2238.0
1126.0
1305.1
1005.98
1826.52
771.05
1183.6
1188.4
1797.6
1051.98
2583.89
2314.4
1187.9
1723.2
882.61
1776.29
1464.0
826.8
2148.0
1624.8
1788.4
1733.38
1305.6
1719.77
1280.33
1896.0
1830.19
1935.5
1531.0
1164.45
1107.59
1740.91
1451.43
2538.03
866.4
842.4
1726.86
1098.0
1137.3
758.0
1124.4
1405.36
670.16
800.44
431.27
979.6
2144.8
674.5
1745.2
2429.01
2127.2
1243.2
2440.43
2283.2
1342.21
970.0
2175.2
1578.0
2555.37
836.4
2013.66
1874.0
890.0
1145.1
1059.61
1677.6
1356.0
1096.4
1439.64
1914.4
923.49
823.2
1621.42
1317.6
1338.18
992.0
1057.63
1048.27
958.4
915.66
1184.63
381.64
1518.8
1661.09
1315.56
2324.0
984.7
2462.4
1617.0
1811.2
2106.0
1086.0
1583.49
2030.4
1595.2
1558.0
729.53
1727.92
1034.34
2422.05
611.97
1409.66
1633.18
1286.5
2027.6
1427.16
1324.28
1673.2
1156.4
2800.8
1722.4
1088.8
1965.2
1700.0
783.61
1754.0
1690.93
2121.2
730.0
305.91
1347.69
861.0
2026.8
1717.2
1060.2
1245.6
2334.52
1484.64
922.4
1306.8
2242.41
1704.0
2520.4
1353.35
1284.8
1023.7
1945.2
1751.2
1535.77
1098.74
2452.0
1471.6
813.6
2183.6
1650.4
796.4
1872.0
2212.33
2134.28
2716.8
1430.8
1755.93
1212.4
1387.29
1788.4
2059.3
2122.8
1497.41
1286.8
1691.6
2498.4
2144.8
2673.2
2736.8
898.28
1212.0
1636.8
1467.2
1055.96
852.93
658.5
2353.2
967.6
1014.4
2181.2
912.03
1254.8
1751.2
1442.4
551.22
1023.33
1922.0
1430.8
648.5
702.8
2502.0
1729.2
1693.6
2634.05
1274.61
600.0
2396.8
1755.2
1876.31
2645.6
1450.4
2168.4
965.2
1827.6
1421.2
1638.4
1535.6
1481.3
2049.0
978.8
2598.36
2021.6
1623.21
2003.6
1777.64
2015.05
1065.68
854.66
1477.14
1049.2
1869.6
1316.87
2206.4
1709.17
978.4
1944.26
1876.52
1210.0
986.64
2462.4
2506.4
1395.94
1352.31
1240.43
1161.2
2766.4
736.72
1596.0
2050.26
2170.8
1101.2
2530.0
814.65
1288.4
945.2
1800.48
1950.04
731.0
948.16
1624.8
742.8
2067.2
1625.6
2151.03
1903.6
1117.6
1503.5
964.0
2810.8
1190.0
2007.23
1851.87
726.0
2160.4
1679.2
1185.2
993.42
1088.8
2190.4
1301.6
1593.2
2198.0
1297.26
1238.8
2016.4
1481.6
1760.0
1853.6
1161.87
1526.8
1333.6
1187.6
1674.54
1143.86
1102.41
1934.0
651.6
1624.0
2004.0
1179.6
1447.6
1583.21
2528.4
1761.6
1258.0
2194.8
420.95
822.8
1660.86
1454.4
1735.6
697.44
833.0
1015.2
1716.35
2402.4
1391.35
2370.0
1899.2
1498.12
1542.4
2297.2
1916.33
1344.0
1317.74
1214.49
2530.0
978.0
1536.23
1939.72
2145.6
1316.0
843.15
1972.26
1914.4
1316.45
1317.6
1719.0
2330.3
1280.5
1415.18
839.94
1972.0
1928.4
2018.98
1763.83
2557.6
1496.8
2168.4
680.64
1340.0
1019.61
1419.91
1757.23
1548.02
1435.58
1328.8
908.74
2105.2
963.6
840.8
2264.4
834.8
1268.0
1525.91
977.6
2033.86
2390.68
1026.8
1561.6
1383.29
686.12
1747.37
713.16
2659.2
1510.8
952.0
2011.11
525.24
1823.03
1012.0
1301.6
1807.34
2782.8
1129.77
956.4
1266.4
2198.4
2374.85
1553.09
2051.0
1196.0
2135.2
1997.12
1729.62
1697.6
1777.6
1114.93
1441.6
823.2
1259.13
2576.0
2333.97
2334.4
1893.0
1513.6
1195.71
1290.87
2130.0
2009.85
2054.0
584.05
1032.0
2203.2
1070.3
1654.8
1481.2
2194.4
333.9
2378.39
2766.8
2525.2
972.69
1705.41
1658.0
2136.4
2012.8
2450.0
1884.22
1892.8
767.68
1768.0
1151.03
1450.05
1802.06
236.94
2413.97
807.07
808.84
1534.0
821.6
2174.0
1901.56
2418.0
2260.4
1406.03
2639.6
1283.2
2604.14
1095.31
858.34
1768.0
1855.6
1670.8
890.34
2162.4
2666.4
662.0
1374.52
1121.96
1990.0
2242.4
1797.6
2504.0
2019.2
1156.0
636.89
658.0
1442.8
2710.0
2220.4
1654.8
1013.29
1745.2
1019.6
2189.2
835.6
905.2
1850.4
2636.74
897.11
2211.2
2287.46
1109.6
1617.6
1054.8
1265.92
1156.4
2634.8
1237.66
1683.38
2320.4
1452.4
750.04
1746.8
1591.6
1195.6
1725.6
2340.4
1044.4
785.35
2318.89
1492.5
1781.2
1017.79
1121.6
1616.71
1460.0
874.0
1147.6
2034.8
1815.2
1017.88
1303.6
1262.4
1366.3
916.8
2348.4
2160.4
1297.2
2099.19
1720.8
2507.2
1792.0
2301.2
2152.8
2088.16
2448.66
1628.8
1573.66
1478.8
2016.0
2273.2
1844.0
2424.22
1716.0
845.97
1999.0
782.07
1384.4
2569.96
1394.8
888.8
723.31
947.2
2100.65
1008.8
1946.42
2270.8
1757.2
1329.18
1688.4
728.48
1306.4
1648.53
1417.2
1870.62
1149.46
1838.0
2112.84
1803.64
847.51
1066.4
1118.0
1178.0
1604.4
1510.0
1360.21
1496.0
2174.4
1722.8
1271.6
981.5
1518.08
1354.8
2465.2
900.6
1040.85
1813.48
724.0
2128.8
1182.0
1291.0
1121.6
2105.6
1014.8
2533.6
2268.8
969.56
1994.0
934.27
799.04
2143.04
1524.49
1644.0
2288.4
1204.4
1133.2
1926.4
362.28
1942.8
1198.3
1971.08
1965.5
1694.78
1603.33
1732.0
938.0
2160.57
2346.71
701.29
1165.2
743.33
1074.83
2285.84
1547.18
1756.49
1823.2
1627.2
1185.6
1752.0
1839.6
1324.8
1891.2
1110.8
1419.59
824.99
1950.4
2292.0
1065.95
1004.97
1076.24
1902.0
2491.6
1315.28
2566.8
2150.7
1413.24
2358.4
1064.0
2505.6
1542.34
1005.2
1294.0
1435.2
1625.2
847.2
1396.16
2133.6
1765.74
1777.18
1515.6
2588.4
1718.4
1520.02
1042.6
1134.36
1279.4
1204.4
816.0
2521.6
1619.2
1173.6
756.0
908.58
2106.0
1530.8
1141.6
1051.6
2629.2
2810.0
1169.85
1503.2
2176.91
898.16
395.77
2261.1
1194.8
995.6
1637.51
1398.18
1810.0
1973.5
1131.2
2178.0
2033.2
1138.0
1093.67
1268.4
1174.64
1333.48
2123.01
999.6
881.06
807.1
1805.52
2173.6
2508.4
1452.0
2072.8
716.0
1646.0
1984.8
1024.4
965.6
1712.4
880.0
1832.4
1886.0
2069.2
1418.8
966.8
1235.6
1894.8
1415.42
1347.42
967.6
1336.8
1277.23
1372.58
1402.11
2142.26
1523.2
965.2
1785.37
2375.2
1556.3
1832.4
290.56
441.67
1782.8
1926.0
1371.22
2181.2
1312.28
1908.1
765.01
1774.8
713.6
2608.0
1138.76
1701.99
962.8
861.88
2230.8
658.4
805.93
1342.22
1440.4
1389.6
843.2
2285.2
1181.2
681.75
2284.8
2511.2
963.6
1707.6
1548.38
2670.4
1091.48
2026.0
1721.38
1104.0
1609.89
1399.71
1265.2
1308.0
1360.4
1162.4
838.71
967.02
1129.2
1656.12
1784.8
2297.2
1626.8
870.06
1821.65
1254.54
1466.26
1492.8
919.39
1109.2
2312.64
959.2
1726.47
1978.4
783.54
1437.29
2142.8
893.2
2310.2
1123.29
1239.75
1856.8
1811.61
2337.41
1930.8
2507.87
1048.4
268.32
2341.2
2297.76
1811.63
1272.96
1531.0
2073.41
2655.2
1438.4
2035.2
1288.4
1710.4
859.83
2249.6
1252.8
1148.8
2080.8
2269.6
1306.4
1487.28
2176.4
2018.8
836.5
1408.0
994.4
801.23
1041.37
2077.84
2547.2
1552.69
570.25
1586.4
994.12
1771.6
2362.72
1405.79
1251.2
1493.2
1403.6
957.12
2192.8
1984.27
1669.78
609.0
1893.92
1332.0
1174.8
978.5
1329.6
1394.22
1931.2
948.4
1979.0
1738.68
2674.4
1601.2
1928.65
2222.4
776.0
2102.4
1506.0
1527.42
2060.2
1772.4
1824.66
945.73
1860.4
1035.6
820.18
2493.6
1593.52
2071.6
1178.27
1308.0
1096.35
2505.6
1132.4
2650.8
1421.2
1910.61
2158.4
901.02
1440.8
1007.43
930.8
1638.07
1880.3
722.5
1882.8
2086.4
1538.5
1480.88
1591.71
1856.8
2743.6
1544.4
632.27
980.0
1108.39
1387.6
1005.6
1269.6
1534.8
1100.4
347.97
1511.0
2004.4
1185.6
1563.2
1105.14
2272.4
1604.8
1881.95
597.86
2788.8
1906.72
2052.8
1346.4
962.4
2031.6
1314.01
1727.01
1940.4
378.28
976.0
388.6
2223.56
1345.62
919.59
2133.2
1648.4
1473.69
1316.0
1286.8
2572.4
2258.8
432.86
1694.4
1340.98
2674.4
949.5
1949.2
1886.57
2174.4
1399.0
1952.8
777.2
1028.0
909.86
2019.6
1492.5
1078.63
1273.12
1435.2
1077.2
1983.2
258.96
1428.4
1349.2
1820.1
1170.1
937.97
1128.4
1757.03
1718.43
1611.31
1251.2
1606.0
1285.6
1109.46
2472.32
1200.4
1616.2
1246.4
1215.6
1572.8
2657.8
1285.08
1210.68
608.0
1685.2
1334.81
750.22
1985.63
1494.14
2402.8
2032.29
1116.4
2266.54
1152.81
2376.8
998.4
1796.15
1008.0
825.91
2131.87
2181.04
1683.68
2490.0
1504.58
864.0
1176.8
2088.0
593.13
2093.64
1065.6
1397.99
2150.0
2502.0
1018.8
905.6
1105.6
1862.4
1804.4
884.0
843.0
987.7
2588.0
1842.5
1675.6
1804.76
1654.09
2572.0
1969.19
1159.6
1135.7
1742.4
1177.6
2022.05
827.2
1356.03
1654.19
980.0
2290.89
1446.0
1013.31
902.4
1073.02
837.2
1177.6
1844.0
2174.0
1824.8
960.5
2490.4
1593.52
1582.4
1488.28
1848.8
1970.58
788.4
1597.2
1259.2
2063.05
979.12
1221.57
2357.6
2008.8
2224.4
2190.93
2495.6
2037.2
1738.4
1630.0
1357.6
1307.6
2241.2
1291.2
1631.03
1006.4
1427.5
1508.5
1203.1
1168.3
1699.2
1014.4
2437.84
2419.6
2166.0
1552.4
1236.34
1317.2
2598.4
423.6
1120.4
972.8
1734.5
1437.6
1320.64
1680.66
1391.56
909.88
928.0
1866.8
2610.4
1616.8
2146.8
1934.99
2116.0
1956.5
1707.2
1254.3
1989.6
592.86
1447.13
1781.3
1170.5
1152.53
1731.2
1613.3
1338.0
1380.0
1963.6
870.8
1698.11
1888.4
926.4
1410.4
2168.0
1825.6
916.86
867.2
1390.8
848.0
1570.4
662.03
1210.96
1469.92
2037.6
1071.17
1205.94
707.6
1939.2
974.0
964.4
1253.57
2138.8
1333.2
1733.2
1880.8
1033.6
1118.4
703.74
2002.02
1561.25
989.75
2021.05
2693.2
842.4
2683.2
1777.98
1812.79
1424.29
1306.66
1454.03
971.2
1238.0
2343.52
917.03
1136.4
2468.4
1548.0
1108.8
1512.4
1775.6
2172.8
1690.97
1041.74
1315.2
1751.19
1459.8
1226.95
1602.0
655.6
493.83
2044.5
1713.2
1202.79
1142.61
1510.69
1062.25
1745.5
1620.0
1140.0
1870.66
1854.4
1248.4
1356.0
1596.8
1417.2
1181.2
2136.8
1872.4
2042.4
1741.77
1653.2
1330.8
1984.8
1979.71
2209.59
1393.72
1168.16
1735.6
1770.48
1282.03
2101.53
1042.08
1550.8
1044.66
1449.21
1186.07
2504.4
1789.2
1044.4
1658.0
1012.8
1427.2
965.33
998.4
1617.08
1168.4
1346.8
1201.22
1225.6
1131.6
798.78
781.6
1681.13
1179.2
1674.0
1461.14
1849.34
991.77
2501.52
910.68
1482.87
1091.17
1026.8
1734.0
1784.0
2528.0
869.6
1937.6
984.01
1141.22
2519.2
1480.0
1038.0
1557.6
1211.6
1101.86
2424.4
1983.38
1032.75
1798.0
2778.4
2704.39
1238.4
1634.0
1120.38
1899.6
801.2
1156.4
1170.0
1118.2
570.03
2624.4
2041.36
914.38
1298.8
1766.4
1100.06
1749.0
2167.2
1367.56
889.18
1942.87
1490.8
1027.92
735.79
778.41
1585.2
1895.6
1501.68
2166.4
872.8
2430.4
1280.4
1476.93
2168.4
2620.8
1762.4
1735.76
1583.2
1396.03
1071.38
1241.6
1399.6
1996.98
1833.5
1122.87
2276.14
2043.6
2102.8
2169.2
2341.92
1364.8
976.8
2672.4
2170.8
1103.27
1295.78
986.87
1757.6
1544.14
2078.13
1980.8
1445.2
1756.02
1005.6
1819.89
1663.52
1191.27
953.0
1534.0
893.99
1843.2
1188.02
1420.0
1110.4
932.8
1003.33
1721.2
1985.7
1159.6
1468.0
1381.78
2258.46
1947.67
1501.69
1030.4
2176.0
1404.93
2174.4
2314.8
1792.8
727.64
856.7
2360.0
1637.98
1201.33
1625.0
1809.06
1632.0
2184.0
1529.37
2248.73
2098.4
1607.0
2056.0
1747.2
2010.05
1395.51
1016.8
1208.0
1083.59
1145.89
1162.8
1192.55
1069.92
1445.6
1429.6
1128.8
2492.09
2027.6
617.52
940.4
2064.4
1158.4
1297.3
1454.0
1410.8
795.2
1147.84
1942.4
926.4
1451.72
2174.4
1072.8
2152.0
1591.2
2257.34
1669.64
1074.8
1671.2
2103.6
2064.0
1394.9
662.12
870.0
2489.34
967.88
1187.75
2018.8
1049.56
1858.0
1841.53
1376.0
2450.0
2032.4
1762.98
1072.8
1924.0
1184.79
867.44
825.68
798.0
2475.2
2351.39
746.02
1780.42
1274.4
1888.4
1246.8
2257.2
2620.0
1748.4
1059.6
2580.4
1113.92
838.0
583.68
1353.6
1186.4
908.0
1174.0
1683.2
2618.8
1616.8
2013.2
1325.21
994.8
1435.6
1420.4
2460.18
2526.4
1103.2
1373.29
1827.6
2021.45
1733.06
1686.96
1035.2
1836.8
1673.66
1743.68
1851.89
536.42
1234.0
1579.6
1482.0
1230.4
744.5
1903.4
2356.47
1387.64
854.41
1380.8
1448.18
1750.8
1572.08
2227.2
988.35
1720.82
2404.4
2045.5
1246.0
2260.8
1516.3
1568.8
619.23
837.5
2657.6
1166.43
1893.63
1202.0
1535.6
389.42
1397.0
1085.6
1403.69
2572.4
2432.0
435.82
1484.8
559.94
1896.0
870.4
1806.8
1126.4
2125.6
2447.2
588.67
273.27
906.0
1497.38
1753.66
2054.11
1096.84
1436.8
1272.74
1634.8
1132.0
1449.48
1096.53
821.6
1868.5
2079.86
1002.92
1282.8
1326.8
1767.94
736.99
1248.19
1503.5
1624.81
1725.01
1430.4
1367.3
1340.4
800.51
1998.94
1310.4
1768.0
1732.0
1924.8
1477.31
1148.06
2192.8
947.11
1288.4
2002.1
1728.0
815.2
1141.37
1281.5
1266.8
1277.6
1408.4
2297.6
2311.6
2240.8
1316.9
1751.6
888.0
1634.4
2487.6
1585.2
1343.6
815.95
1307.69
1826.76
1759.6
1585.6
2275.2
1998.0
907.72
1817.2
1846.8
2133.2
826.16
1541.72
1191.98
1238.0
2644.8
1445.49
2116.0
1416.4
758.5
1030.67
1339.6
1324.41
1441.2
624.31
603.5
1870.2
1351.92
2016.8
2712.69
1495.33
1530.0
1161.26
917.99
2237.2
1625.32
1073.22
1134.4
2098.8
1105.28
1184.4
1936.99
1034.4
1201.6
1182.8
1824.05
1675.12
1995.89
583.02
638.02
1745.5
709.6
651.2
990.81
1788.16
1128.4
1446.69
2068.0
923.65
1599.42
1470.28
1424.8
1200.4
1835.47
1382.0
1811.2
1838.4
1080.0
2314.0
1605.76
1564.8
2447.2
1322.71
2139.2
1504.5
2092.8
941.2
1147.73
1362.8
1104.8
2332.4
2618.4
2012.0
1680.0
1799.2
1890.39
1629.2
1342.8
1826.5
1084.0
1144.35
1624.0
2789.6
2179.2
2451.2
1052.4
885.51
1018.8
1410.4
2131.14
2086.5
605.31
1630.46
641.97
1378.38
2477.08
1412.0
1609.2
1702.86
1344.39
1573.6
986.5
2231.34
1168.4
1254.12
2580.8
1278.4
737.96
751.6
1441.6
984.0
2261.44
1241.6
1355.2
1756.29
773.84
641.5
2164.8
1398.33
1389.2
2374.8
1674.8
1527.5
1976.0
1541.31
993.6
1282.0
1500.0
1719.65
687.52
2482.0
1790.0
1131.2
622.28
1335.6
1248.8
1542.8
1815.47
1646.0
1203.3
1001.68
1000.8
818.4
1873.2
1042.8
749.5
2536.0
1760.0
2241.6
884.0
836.4
692.75
1578.8
2308.61
2012.8
544.5
2013.2
2186.4
2076.4
1366.8
1581.2
1533.6
722.04
2167.6
1908.4
1294.4
1074.8
736.0
1027.2
1705.33
694.25
2151.2
1577.69
1429.67
925.2
1680.65
1172.2
1319.6
2754.0
2060.2
715.86
1516.5
1202.99
1746.0
1153.6
1644.59
1403.6
1526.5
1190.4
2314.4
1263.6
1796.78
1999.49
2647.6
1509.25
1568.0
1776.21
1472.77
844.4
1757.6
855.6
1322.4
908.75
1749.5
1457.54
1128.19
1161.2
844.54
1518.0
2567.6
1232.4
2789.2
1841.2
1727.29
1554.45
1479.2
2374.8
1747.71
1201.5
1138.62
1526.18
904.34
2129.6
1917.75
2202.4
2070.5
1911.6
991.46
1158.8
2203.43
2500.0
1097.44
2191.68
1436.4
819.23
2354.4
1630.0
2148.4
1544.4
2260.4
1681.06
1981.2
395.63
996.4
1195.34
867.6
1136.86
2516.8
1587.69
1061.0
1638.7
1776.4
1155.05
166.83
998.18
1908.21
2359.6
2576.8
2165.2
1608.0
1644.0
823.2
1484.0
1279.97
1841.92
1436.0
1316.28
1409.8
1422.8
1758.12
799.46
1017.2
1922.8
1830.64
1300.4
2210.4
1990.87
2544.8
2014.0
1179.6
1977.6
994.4
946.0
616.46
1225.86
578.28
1779.2
1810.0
2044.8
1118.4
2151.81
993.6
816.8
712.48
2197.6
2189.88
1734.8
1946.0
1901.2
1155.6
1750.0
1404.64
1849.47
937.69
2177.2
975.6
1468.34
838.4
1627.2
2216.0
1416.8
2167.27
939.7
2589.93
1477.76
1039.2
1912.8
1442.41
1485.6
1816.39
1621.5
1012.87
1650.38
2596.8
1606.4
913.05
1757.6
859.6
2240.0
1039.03
2387.6
2412.94
745.43
1423.69
1064.0
279.25
1072.5
1896.79
999.2
1836.0
1144.4
1305.91
2086.5
2547.6
983.84
1615.6
728.84
1688.4
1065.6
1954.18
2475.6
2506.67
1565.2
1010.8
1083.6
2480.8
1534.49
1993.2
1559.6
1807.33
776.0
2004.4
558.17
809.65
1097.09
1092.41
2132.0
768.94
1674.22
2058.4
1492.8
2080.88
424.44
834.0
1235.79
1021.2
937.2
1086.05
1238.0
1853.0
2530.4
1700.41
2180.0
1343.22
1507.2
2229.6
1677.2
1920.0
2609.6
829.6
1268.8
1011.2
1034.8
2792.8
1552.0
1482.8
1476.96
1850.0
1359.34
1074.8
1422.51
2148.0
1273.5
1861.74
1394.4
2515.86
2518.8
1373.6
349.25
1627.0
1936.8
1556.45
939.34
1977.01
1292.4
1075.2
1031.24
2512.4
1488.4
1498.8
1736.8
2301.6
2028.8
850.8
2326.62
1708.8
1462.85
439.26
1378.0
1540.0
1320.39
1788.63
2129.2
1157.3
676.32
876.22
2339.2
1011.2
